Mtl
eg
qua
Pop2
